 Restart file created on 07/03/2025 at 16:21:15 
 Positions: 
-1.710139046282 +17.547548535150 +0.453694801228 
-1.687740267818 +19.079087600033 +0.956420646566 
-2.206615324704 +20.524597143078 +1.529504000823 
-2.361962132940 +20.495794924382 +3.021315643932 
-1.819108893033 +21.452318839356 +3.857264505730 
-2.251557351112 +21.335035466970 +5.283929035087 
-2.274443727197 +21.264489469151 +6.763254583354 
-1.829276302163 +21.949909050591 +8.110761022964 
-0.910612642642 +22.954181130992 +8.855742226518 
-0.807520020007 +23.405298323398 +10.313875293800 
+0.139464204546 +24.676986299820 +10.392931095068 
+0.300301480933 +26.126898281108 +10.408172538155 
+1.074884130385 +27.479104020079 +10.307077698299 
+0.658211695891 +28.816733393047 +10.997683474149 
-0.237632789188 +29.928374891079 +11.528788346830 
-1.625168583390 +29.048176452981 +12.127289590186 
-2.781359124360 +28.148972733462 +12.252108655269 
-3.062988636653 +26.764477331416 +13.101782932180 
-4.397815242104 +26.087056855362 +12.893999770238 
-4.618675928216 +24.715036400645 +11.992473503389 
-4.344227564457 +23.253179487822 +12.026629522700 
-5.236910777646 +23.124511029817 +10.701621465722 
 Velocities: 
-0.006453594653 -0.003307592379 -0.006117883655 
-0.001783087217 -0.007093691699 -0.008279293089 
+0.015442632388 -0.005656753774 +0.001154385851 
-0.007698810943 +0.004225737338 +0.009648575227 
-0.007180222504 -0.008026409539 +0.003682865214 
-0.005970635238 +0.008034098776 +0.005710709923 
+0.009279912902 +0.000156157505 +0.005067643517 
-0.012212838073 +0.007208501338 +0.006808485998 
-0.002838391212 -0.001549577595 -0.014325925099 
+0.004728727121 +0.001418392580 -0.004281978757 
-0.006217663299 -0.006149710963 -0.005821120579 
-0.006036754871 -0.002790311144 +0.006336665879 
-0.000794986726 +0.013858022632 -0.008512501909 
+0.004876037714 -0.005927783800 -0.003270497949 
+0.010543502889 +0.002255505069 -0.023933957660 
-0.009200335648 -0.015405812568 -0.001799545636 
-0.006097370353 -0.009098919454 +0.004436318778 
+0.002608007509 -0.001732035718 -0.013333147395 
+0.001993227374 +0.003613272602 +0.002043547338 
+0.004051453428 -0.005674046561 -0.005905841242 
-0.002376656926 -0.002632912312 -0.009622011725 
-0.008617628390 -0.007557760737 +0.011548846847 

